1000
0 2751 10 hgfl
0 1939 78 qyk
1 828 32 nl
2 3892 84 dqta
2 7609 7 monw
2 3982 60 tu
3 8809 49 bb
4 9472 31 ssmd
4 2191 62 llaa
4 3290 26 hy
5 256 98 tei
5 9232 79 aeuhv
5 8384 63 rx
6 5222 56 ckbarx
6 2003 95 wnba
6 5076 57 mjebq
6 5169 96 nmib
7 821 90 wwjvf
7 6538 96 hg
7 8225 70 kojcce
8 9531 18 xx
8 2324 72 zhg
9 2665 76 nw
9 5431 59 jyqdr
10 8306 16 wd
10 3957 92 vofao
10 7338 40 amfak
10 8360 36 esgi
10 5952 11 dhclmp
11 381 91 vnucr
11 2265 17 yyfe
12 2374 6 pt
13 9373 14 knb
14 4404 21 cu
15 2611 45 zjtxff
15 731 88 vnuq
15 7797 64 ueftb
16 3753 73 svqaax
17 6788 23 yffpl
18 8627 72 hjdlei
19 184 11 tzez
20 3182 9 ovxh
20 4304 92 kdzaml
20 3930 80 nkme
20 2542 86 qjhhi
21 1409 40 ox
21 3961 42 zue
21 7912 16 yie
22 6725 25 ojbxda
23 2484 19 hayhk
24 761 19 pjuq
25 7149 50 tdq
25 7386 82 wkt
26 1921 63 wy
27 555 62 izjrm
27 1428 18 bwisv
28 9093 100 wfjomt
28 7317 68 tsdfce
29 1637 97 dhxo
30 4545 95 vuky
30 7275 74 meyvnd
31 6287 78 avh
32 2890 7 dcm
32 723 25 ve
33 3823 40 mehv
34 6058 67 awwnn
35 762 46 wya
35 9291 69 kxtkx
35 6594 23 wl
35 3799 99 vnzdb
36 2505 90 umk
37 8666 87 dygrzv
37 5777 47 igo
37 1365 10 nk
37 2006 75 lztcbg
38 8142 83 jy
39 3456 33 uarh
40 6231 3 ut
41 3191 64 cqdki
41 6549 70 lzb
42 2968 38 rspu
42 698 54 jjczxp
43 9579 4 vezs
43 5737 20 votb
44 4552 85 rtgjzg
44 4586 5 yg
44 6167 96 nrsuex
45 6365 43 thgdw
45 5479 16 uriow
45 9120 83 chc
45 4838 37 ryaaj
45 7455 36 otazr
45 3419 28 xrxrga
45 7431 70 miigz
46 17 78 tzzjn
47 2919 17 panb
48 6784 38 reaz
49 3971 62 reabbz
49 5397 78 zvzkmj
50 1664 63 gtdk
50 6190 59 kphe
50 3480 31 zfuiso
50 4160 95 yek
50 8411 99 germ
50 3087 62 spw
51 7974 8 nh
51 2136 62 uxd
52 5223 41 pq
52 3198 80 yepexm
53 8010 64 zfje
54 2957 59 ehqli
55 7408 36 spgo
55 5597 72 scy
55 1478 27 ms
55 3139 24 mgwr
56 8715 56 xdpjc
56 2734 68 pxytrh
57 1530 24 dzdnt
57 582 25 dd
58 4059 80 noq
59 7250 45 gtyk
59 4870 80 qficq
59 4154 68 zdyvt
59 522 52 fwjqut
59 9070 79 yyfg
60 254 29 nvts
61 8952 5 urztw
61 6883 17 ytfd
62 8760 57 yb
63 9587 16 odnza
63 5782 68 ms
63 2270 45 xdcfr
63 175 76 hm
63 6703 38 nsxx
63 5141 96 nmf
63 2812 96 mko
64 751 79 nm
65 5045 99 wqetae
65 9317 42 qpy
66 4785 7 jdf
67 6482 79 fau
67 2716 59 lt
67 2154 17 jox
68 6011 50 eu
69 9527 46 bwet
70 6696 84 xuvdxc
70 924 93 fe
70 9099 87 srvl
70 6217 64 zc
70 4474 16 xmovbc
71 2283 34 pbo
72 9882 37 yt
73 1634 65 rti
74 7799 91 rcmt
74 9083 54 fzoe
75 3291 60 bd
76 9274 38 yemsc
77 953 41 rwrfr
78 9073 75 wd
78 1863 48 vyenzv
78 2264 57 ena
78 8898 79 avydpm
78 5283 29 amkz
78 9139 35 tp
78 3272 30 ewpunt
78 9869 43 vnic
79 6269 5 yolaqn
80 5452 72 mcfgk
81 5779 65 qwt
81 6794 23 ccwik
82 4250 83 tm
82 2269 41 ln
82 669 70 gq
83 8263 40 fegdqj
84 2444 87 jetfy
85 809 2 gtwccg
86 4917 48 cotd
87 8070 81 pxhz
88 3563 48 plpw
89 4939 18 sxkv
89 6886 48 fdj
89 8238 89 ugucv
90 6526 7 bq
90 160 47 kxudq
90 5694 41 tii
91 4521 36 psndf
92 3134 51 dc
93 1067 98 ck
93 3596 87 ixusdd
94 6274 98 vsujig
95 5003 52 mtdc
95 3398 11 uhgcv
96 8303 87 ch
97 5722 1 xxjp
98 1551 85 oq
99 3633 66 zdlut
99 2204 88 okgo
100 9036 89 qtxgj
100 7140 71 uenz
101 7233 53 uhuogz
102 938 47 culi
103 4946 77 lkgbgx
103 7612 52 pc
103 8469 49 iscxc
103 9587 46 ee
103 9934 39 xspiwt
104 2661 22 kemtjz
105 5773 99 mszc
106 6896 95 gmj
107 1170 46 qyig
108 9449 13 fahaqz
109 4312 10 bwvxz
109 3206 99 sqezmi
110 2637 89 ihnpf
111 5162 35 duknbo
111 5884 27 hic
112 6172 29 efzlo
113 725 16 nvuqg
114 2179 60 bmuxbl
114 5468 88 wpzn
115 6186 17 aoxmdz
115 9856 38 my
116 672 22 eyyjr
117 4399 62 bmxoqt
117 1789 13 xxed
117 5979 46 tzgoj
118 7356 39 ucn
119 5577 96 no
119 6063 70 ux
119 6159 68 pcab
119 7540 1 ezk
119 7661 81 biyb
119 8444 32 xd
119 5276 16 ca
120 6253 39 bakvh
120 6733 12 bxpah
121 4732 42 iqscu
121 2408 11 swc
121 7362 19 rnjm
121 4650 8 hodpk
121 5638 1 bq
121 4616 57 cqjgye
121 1794 61 tttlmx
122 4071 4 rmsxn
122 7644 49 lk
123 510 74 vl
124 2991 51 ll
125 3457 79 djsmzo
125 7331 12 eiyd
125 2819 15 nbqpp
126 674 26 cvj
126 2628 27 nxooi
127 1675 96 kzjmx
127 6069 87 pe
128 5736 11 jgdecl
128 1140 96 ol
128 159 56 tm
129 9969 92 gjkmel
129 3216 43 ashyw
130 8721 37 jx
131 4884 49 lqeyj
131 286 96 rl
132 57 73 crxvkc
133 8619 13 pjq
134 6267 93 bnijps
135 1435 6 araarz
135 900 20 cyzt
135 7555 68 ohde
135 3867 3 xpx
136 6998 15 rc
136 938 1 bi
136 6064 28 ivzwx
136 9771 98 qnes
137 7554 99 dtzfdn
138 417 9 bc
139 1075 45 xva
140 9747 13 tl
140 4378 82 uvsc
141 1833 11 zno
141 8089 15 rmsvs
142 5063 48 bn
142 6945 80 vwqo
143 9387 48 cfjdh
144 3592 7 up
144 3071 62 mvaej
144 942 93 gaa
144 402 45 uobren
144 6258 53 dc
144 8751 26 gi
145 1156 63 fuza
145 6862 53 evxbjl
146 7659 71 iqvi
147 783 86 fqftc
147 8577 2 agiiqv
148 345 29 lt
148 7832 32 gqk
148 56 68 rfe
148 2281 94 qg
148 897 71 lzgyzc
149 2692 47 cj
149 1731 75 vntnxg
149 2875 9 xgzkw
149 9336 21 doc
150 7751 54 kof
151 5020 35 pn
151 9479 86 athd
152 707 47 pj
152 1193 76 vcdgy
153 6501 83 cbsv
153 8942 83 ep
154 2803 27 qkxup
155 5579 2 hhi
155 635 44 wk
156 5329 55 kxbqa
157 8500 29 ag
157 5755 71 majntm
157 1905 64 dxllk
157 8246 89 icl
157 4766 25 cgpv
158 9178 27 rskvbd
158 869 7 mb
159 360 24 yru
159 1603 84 trcih
160 7853 33 qbb
161 6896 10 ogm
162 2649 85 hm
163 3360 55 oczpcs
164 7632 64 zzcl
165 4722 85 hzmhxy
166 4459 48 zodg
167 4830 7 osxwcp
168 7190 97 egejxs
169 4157 1 vlhlzs
169 5484 80 vfneg
169 3086 38 qveer
170 2452 88 zeyf
171 5071 30 aynxqj
172 4376 57 mbdnwr
172 9514 22 kvxgb
172 5569 38 wr
173 6438 81 xejgl
174 5311 9 ctt
174 5445 8 hfrfo
175 1294 93 rkg
176 6721 86 uc
177 7994 98 sufg
178 1318 1 eqkw
178 8289 14 dp
178 8545 100 ltcahs
179 2959 26 xcite
179 384 79 yzpy
179 4170 84 arjhyt
180 9521 2 ywhtfy
180 2598 4 zcbh
181 8955 46 hfgj
182 5058 26 eabd
182 2324 79 hqxmq
182 6855 22 lzyt
183 8251 100 wmf
184 8535 73 eni
185 8073 13 js
186 8415 3 uesjaw
187 647 5 jbuhjv
187 6329 39 dpqi
187 616 29 gv
188 1 34 hfshvq
188 4784 36 snhk
188 8707 94 yhjgjs
189 3757 55 nte
190 4709 54 fblmxn
191 3657 9 erx
192 9799 31 dif
192 658 32 hre
193 4664 56 xo
193 4342 93 js
193 5337 1 grqtlk
194 1906 43 qtlxr
194 9195 13 schcwt
195 372 91 afbfy
195 4220 82 pxp
195 5813 35 mxfgw
195 8242 61 yk
196 2152 52 ctxre
196 1303 25 xguq
196 6266 6 ehpq
197 6769 2 dhx
197 6591 58 pqomlw
197 8038 13 kaw
197 6246 42 ilzqv
198 9201 64 kmau
198 1414 16 fgygj
198 5339 86 uvp
198 442 9 bzp
198 9309 91 rxawgf
199 4647 79 me
199 5790 15 gmn
200 9855 75 nlfv
200 5937 7 bqn
201 7121 18 phlpg
202 902 5 skudgd
202 6212 42 iq
202 7331 70 qn
203 4447 94 lxbs
203 407 9 mlnlg
204 2882 8 py
205 3213 95 djb
206 7911 2 vvllj
206 5758 68 zm
207 5160 24 sga
207 8792 22 kc
208 4214 94 hei
208 3853 12 mrhis
209 1718 64 nz
209 157 89 diia
210 7841 16 puwmnh
210 5735 97 dwcm
210 219 19 ife
211 2791 17 qto
212 6861 90 qmjbqn
212 5001 68 oqvey
212 7883 16 vfx
213 8255 21 wiu
214 6736 48 bcd
214 8143 71 aqrxo
214 6440 62 ktiq
214 1778 36 kzbt
214 2524 70 cjk
214 6136 10 esaq
214 4276 1 pxem
214 8220 26 lyrco
215 9272 77 qsryvr
215 2646 51 hd
216 2011 10 wltlat
216 7244 60 fda
216 7828 40 lcr
217 6701 96 pvn
217 9195 1 oayfhm
218 6325 38 pvrgex
218 3165 57 wia
218 8706 100 wsyeih
218 2760 19 rpm
218 3177 45 mfoie
218 3183 77 lfkd
219 3072 11 yzuk
219 1110 24 ue
219 9212 61 qqzng
219 3616 5 clreu
220 8355 90 nxb
221 8059 3 rt
221 5298 4 dycdas
222 8779 69 thr
222 8278 81 dkt
223 6303 7 yxpq
223 7618 68 feqx
224 5772 33 xiypg
224 4573 53 hers
224 2254 73 gurk
224 4427 69 nfyl
224 1437 6 pvqy
224 2686 86 allot
224 1092 88 srut
225 2007 2 qmiz
225 7534 6 aq
225 1857 11 msvf
226 7034 15 jvxyrv
227 6483 57 qhzle
228 213 36 poshzj
228 9721 100 owi
228 2539 99 pdre
229 4199 25 leho
229 4730 40 qt
229 8549 38 yusbw
230 5304 25 kmpae
230 7232 72 pyy
231 5906 3 yksd
231 3954 39 cqitmp
231 388 73 fwk
232 6248 21 hq
233 2059 23 xw
233 5912 26 rb
234 4150 44 ge
235 3066 19 ik
236 7220 79 ufunxb
237 6816 1 uewqnp
237 524 63 hn
237 182 23 coqns
238 5445 26 vk
238 751 1 fq
238 395 33 fe
238 2750 69 tjpj
239 6046 94 eolfjy
240 7946 69 ztt
241 1983 69 ul
241 791 52 tszoyf
242 2776 67 alnl
242 7118 23 xn
242 206 69 lcazt
243 7936 17 vm
244 3961 80 opfgu
244 3700 73 ny
244 5940 26 wa
244 6728 13 wqt
244 3978 21 dxljyj
244 7894 18 fgjz
245 4285 42 ggsig
245 3809 40 vmgk
246 8870 8 jjmbs
247 3479 9 ys
248 1085 7 dc
249 6470 80 aol
250 3199 8 pjho
251 9924 13 elblbv
251 7853 4 ztdkzl
252 5994 94 ctygxg
253 9201 15 joor
254 4574 93 kclxcc
255 3550 61 rbj
256 4539 50 edy
257 9256 71 ctxasn
257 282 80 nzwl
257 7334 30 hsx
258 9622 39 wko
258 2804 84 sjrsy
258 9428 13 kjjav
259 2672 22 ssjpj
259 1770 25 bmib
260 9946 39 auptvy
260 7217 55 ovgis
260 7883 71 jz
260 4560 33 td
261 2515 94 tdte
261 4957 91 jpe
262 5111 30 gv
262 2205 100 xs
262 8038 20 kybn
262 9825 54 sxpwk
263 6075 99 onsak
263 9982 4 rqm
264 9248 100 di
264 1341 72 wcszgp
264 4452 38 bvm
264 3636 99 uon
265 7470 46 buq
265 6398 2 khh
265 6999 75 tk
266 8929 13 bzcb
266 1963 78 yhp
267 4101 27 dzc
267 8063 1 xowcj
267 8798 77 mb
268 3321 69 qwa
269 5969 25 bi
270 3250 7 wupu
270 8170 87 yj
270 7816 47 qfa
270 4124 4 llfj
270 7103 38 mli
270 7813 74 eyqfvm
270 141 43 cbkt
271 8766 5 mi
272 6462 34 bkar
273 6571 8 cgot
273 1753 12 yzjafq
274 2214 80 bysa
274 4216 61 gkwdtc
275 9085 49 juxd
276 290 77 edysm
277 5180 20 fuhnck
277 5204 72 fhcb
277 1578 98 dn
278 3708 72 hqhp
279 4650 32 ir
279 44 70 fmafvf
279 4070 19 rzu
280 6194 97 whf
281 3515 46 pxa
281 7869 2 efihqa
281 4798 15 zqzzl
282 7237 46 ilxeyb
283 3729 80 howd
283 2700 9 dlbo
284 3826 11 xqtbn
285 4007 5 selic
286 3501 73 ntuhl
287 873 50 ul
287 6915 54 ptzpm
288 51 18 fy
289 848 100 fc
290 6559 8 waaczm
290 770 3 dmfa
290 7758 9 zlmlk
290 3380 2 qfdv
290 5150 53 lpbxi
290 5157 62 putxd
291 2578 11 op
292 4462 98 lcx
292 2405 46 bgunrn
292 7799 17 ivvkni
292 1724 60 pgghqd
293 5961 4 lzu
293 1007 90 pkz
294 550 52 jv
295 3413 18 spact
295 5015 86 bzkvxe
296 2582 9 utpqyv
297 3876 56 alicy
297 9614 65 szyxzv
297 6667 24 xvr
298 6512 25 ygm
298 75 69 yzro
299 3685 7 kesmi
300 7443 18 rzoovx
300 8677 24 qzeepb
300 2430 4 cfd
300 9919 69 ehbo
300 6091 16 oui
300 7691 5 ka
301 5072 71 xxtedj
302 2828 28 emro
302 3696 88 ssmuv
302 7462 61 tge
302 1515 86 ci
303 53 63 vhvcf
304 8330 88 aor
304 5791 23 da
305 8144 100 xipyjn
306 8478 37 mh
307 1475 44 sfvc
308 355 26 ws
309 1610 26 vgcw
309 8439 31 beo
309 9017 64 zsrgh
309 2137 84 yp
309 9734 52 qmhou
310 487 49 as
310 9443 90 rm
310 9814 41 sti
310 4965 31 hlxm
311 4413 57 fft
312 4619 70 vjdzm
313 1304 69 eitbmg
314 7319 95 oox
314 6194 97 halemg
314 5385 32 lpkwn
314 7571 63 plafz
315 6544 74 ynmbsr
315 4129 71 xe
316 7191 84 eaaqp
316 1004 50 qvghua
316 5295 96 ecr
316 4643 13 wtiie
317 6443 20 vbos
318 7781 61 nrgtci
318 5085 100 zz
319 9421 28 rxb
319 6762 27 wcoiaa
320 3175 7 btwgub
321 2353 81 xirzzt
321 7993 91 ahxd
322 1409 10 vf
323 4922 62 ideyqf
323 1012 7 ujpmgm
324 2933 93 pis
325 7819 68 xeq
326 9373 13 pjkh
326 9293 29 fgrzps
327 1918 54 iqcyj
327 6115 34 naveql
327 8695 42 jxnjx
327 5647 23 ly
327 1915 97 nhlrx
328 2864 100 an
328 2812 98 uac
328 5026 41 gfwy
329 3846 26 fku
329 7511 46 pv
330 9638 99 wlpa
331 6773 64 dex
332 4059 5 pmp
332 1403 59 qa
332 7456 82 xzg
333 7574 76 qkux
334 9401 59 ysxke
335 9656 36 rpwb
336 2533 40 jv
337 5902 4 vg
338 1407 77 ebqjfy
338 2735 7 zu
338 9988 60 sggdjr
339 1634 12 yrp
339 1670 20 adxaus
340 854 22 hs
340 913 54 df
340 9056 1 pldbpr
341 3329 20 brqq
342 525 10 veriaj
342 7168 89 uec
342 899 18 kc
342 8236 43 bojk
343 3315 69 ffrq
344 8773 33 xhyvcy
344 2084 74 uo
344 3244 73 xvnnba
345 9982 89 hmgvxg
346 7476 72 gr
347 9288 97 jqxcrk
347 5338 98 ewgw
347 4765 2 ibaeje
348 7785 79 bkhgtt
349 803 66 ot
350 2989 66 ntpf
350 6253 62 mkt
351 4332 32 yi
351 9979 12 pmumw
351 8708 18 rs
351 7671 10 mm
352 2539 88 bwnbu
353 6152 15 zwmq
353 9131 65 fgebvq
354 4478 96 ltsvx
355 5478 81 lbpta
356 7792 34 tvvhmh
357 9451 7 xlj
358 8767 94 tv
359 6180 62 idx
360 275 96 spluy
361 1712 48 swsw
362 5694 14 eaxr
363 2293 37 fllvie
363 9121 67 ecwtw
364 5672 17 bgg
365 8009 30 najfr
366 4290 52 bhoxxk
366 547 5 dp
366 5103 18 zro
366 7130 6 zyjlxe
367 8993 9 icv
367 3174 52 afdf
367 767 87 xefgno
367 2415 90 meir
367 3893 94 fuxwsn
368 1950 50 uewsg
368 4818 57 su
368 3061 30 cjcm
368 9237 91 pu
369 1442 10 csq
369 8295 51 jfz
370 1691 6 dgmyyn
371 8851 94 rmd
371 1094 80 rhl
371 6335 62 qie
371 6342 44 ntgwjp
372 933 75 mtle
372 7535 56 bryfrx
372 9205 28 du
373 4933 66 sygjz
374 9810 62 bccqen
374 7693 48 jw
375 8961 89 stvpve
375 4731 34 kufbb
376 8259 28 biw
376 7182 86 tpgwb
376 9012 24 geszd
376 2940 74 pnahz
376 1086 23 ny
376 1922 83 xk
376 5970 90 iwt
376 5575 23 lhidck
377 8649 66 igdhp
378 550 64 qxhoz
378 239 64 ormx
378 6788 47 qstacg
378 720 47 iix
379 7228 67 cw
380 3808 65 cvnxr
380 9486 26 ftl
380 8190 56 qymts
380 1270 100 yjqza
380 1914 73 ejo
380 218 76 jk
380 1022 37 rfirc
381 8103 12 fiaem
381 5875 57 ikk
381 2781 20 wfjp
382 8174 77 rwubaf
382 9875 30 xkh
382 9701 48 nwitcx
383 4375 27 rulfg
383 8415 97 gyl
384 3307 5 zuyxn
385 7613 80 ovew
386 5050 53 tsbv
386 1728 44 wzus
386 8024 29 exh
387 1028 94 cs
387 5419 14 cbso
388 7409 4 vivcix
388 360 90 owy
388 9320 52 jua
388 6003 95 esv
388 3389 71 gd
389 5650 87 qr
390 131 91 zid
390 9755 34 lkvvik
391 9089 47 kzbiq
391 9335 38 bshqqf
392 6688 98 knee
392 9043 76 gnnjo
392 9945 69 ksno
392 8706 40 waw
393 5181 60 fgwkn
394 2645 83 wi
395 4328 87 wv
396 9523 62 bgcz
396 8858 100 qzv
397 8674 85 ga
397 8952 35 kobju
398 9873 97 udmfq
399 8956 42 pzow
399 5476 95 ipxw
400 7480 75 ah
400 1235 93 lyu
400 6543 25 hjxo
400 8608 83 ig
401 5216 12 xdaow
401 1707 24 fzqe
401 3417 90 qiwnc
401 3984 8 bytylu
402 4581 23 om
403 9714 39 ryzl
404 4615 62 ueznmv
404 3996 73 vwjaw
405 3235 64 rhk
406 4886 54 yc
406 9043 79 xybml
406 4286 51 qa
406 6172 68 xgvsu
407 5458 3 tuank
407 8963 81 nrzgh
407 8804 37 zzrisx
407 7251 31 qoe
408 5383 92 ab
409 4922 47 sfivdi
410 7996 6 fxwk
411 8424 16 dak
412 7817 8 zawl
412 9339 57 vpig
412 9444 17 pqwh
413 6498 64 vcm
414 8807 84 mygn
414 7729 23 djgmrg
414 5579 17 yo
414 1884 53 vhjhp
414 6611 98 vqe
415 7205 32 aqkib
416 6247 28 gf
417 7790 89 lvce
417 2271 45 ww
417 1866 20 xnu
417 2388 73 kkj
418 976 92 kank
418 9288 17 qns
419 3847 87 wlgpf
420 7313 99 ifbljb
420 9486 77 ou
420 5573 88 rc
420 6107 38 mhzj
420 2161 91 obb
420 3781 1 ugigx
420 716 22 jq
420 2707 16 fzmx
421 13 59 lj
421 8487 33 qqqbjh
422 6020 72 vfz
422 5908 89 wnm
422 4478 98 ldnd
422 3649 43 izp
423 6063 49 ncydh
424 8064 96 xh
424 4606 19 ihh
424 8850 43 dl
425 6313 57 wdt
426 445 28 kd
426 8176 59 yvft
427 3300 21 hqydvh
428 9868 78 uvh
429 9525 30 mhiyyv
429 6247 96 iwm
429 3237 82 uktv
430 4789 26 zewqyg
431 8105 73 erxo
431 7082 50 ons
432 5021 56 sz
432 3885 38 vqqsmc
433 6566 41 qd
433 3235 74 qnh
434 3606 91 yupmde
434 4716 52 lbyk
434 4323 45 gbtzea
434 7945 67 pmajhe
435 5973 43 zzen
436 3879 34 ovqx
436 3973 18 vqfwka
437 2742 81 wiscqp
438 5271 12 ntpelc
438 1962 79 xu
438 274 67 etyewh
438 7232 34 qryszn
439 5475 97 vxnom
440 4182 94 kx
440 662 70 zkeaj
440 6802 5 mbgag
440 2267 50 aahn
440 1927 25 qcnzj
440 4890 13 twkn
440 8498 62 tmrxm
440 5110 54 hpnd
441 8246 40 xxa
441 8761 72 uxzkdi
441 5376 20 duyic
441 9269 1 sq
442 2676 96 sb
443 1408 23 gmr
444 3536 27 mpv
445 6932 16 thys
446 3855 94 bjtykj
447 5365 6 nyu
447 7525 20 zizqp
448 7271 66 sltnsh
448 3461 45 lnbyi
448 3319 8 plvn
448 6685 11 kf
448 326 48 qwfah
448 9640 40 tvp
448 1045 85 ik
449 8903 40 fzdak
450 5204 63 lbh
450 5559 87 ozf
451 9893 66 ux
451 5076 91 qcmrp
452 5489 49 qzkejq
452 9988 93 oycv
452 4876 38 tjcwnj
452 828 80 ee
452 1841 79 wdgs
453 8764 90 en
454 1006 68 dxz
455 7709 42 prjdj
456 8890 28 oc
457 3671 20 tbqe
457 8808 27 ym
457 705 88 iext
458 2817 25 cyc
459 3065 34 wguyrk
460 2701 38 usf
461 8078 96 vjj
462 9874 94 af
463 8512 18 sfis
464 1495 29 iuxd
465 3867 32 iydqod
465 4756 3 zsburr
465 1735 64 fxfn
466 4800 5 uag
467 8151 13 jxr
467 8505 2 hq
467 4971 74 eyvbyo
468 5253 48 vzkdzp
469 9330 71 dbgd
470 2572 77 fgnn
470 691 10 uclip
470 6665 100 zaua
471 2863 74 yaw
472 4726 22 vcwi
472 5246 27 dwpds
472 9425 88 lqhjbd
473 2709 34 zkj
473 7610 11 kt
473 2072 41 rk
473 2739 20 vimho
474 8492 5 tncz
475 7977 60 jj
476 9838 41 swld
476 4727 4 xj
477 5937 23 bjc
477 9132 14 xk
478 1454 98 mol
478 5916 5 mjjey
479 708 71 fzp
479 3882 4 ezvmc
480 3143 94 kmhjsw
481 8848 16 agnm
481 1737 84 lch
481 7496 90 zault
482 286 25 vis
482 6328 45 za
483 5114 99 ewvw
484 2301 44 ndftk
485 9488 61 ji
486 6575 33 wsnmye
487 6515 11 da
